0.000000 1.000000 0.000000
0.020000 1.000000 -0.296200
0.040000 0.994076 -0.585820
0.060000 0.982360 -0.855689
0.080000 0.965246 -1.095209
0.100000 0.943342 -1.297973
0.120000 0.917382 -1.462152
0.140000 0.888139 -1.589748
0.160000 0.856344 -1.685215
0.180000 0.822640 -1.754053
0.200000 0.787559 -1.801764
0.220000 0.751524 -1.833244
0.240000 0.714859 -1.852537
0.260000 0.677808 -1.862831
0.280000 0.640551 -1.866551
0.300000 0.603220 -1.865505
0.320000 0.565910 -1.861019
0.340000 0.528690 -1.854056
0.360000 0.491609 -1.845311
0.380000 0.454702 -1.835284
0.400000 0.417997 -1.824334
0.420000 0.381510 -1.812719
0.440000 0.345256 -1.800624
0.460000 0.309243 -1.788181
0.480000 0.273480 -1.775486
0.500000 0.237970 -1.762608
0.520000 0.202718 -1.749596
0.540000 0.167726 -1.736486
0.560000 0.132996 -1.723305
0.580000 0.098530 -1.710071
0.600000 0.064329 -1.696798
0.620000 0.030393 -1.683497
0.640000 -0.003277 -1.670174
0.660000 -0.036681 -1.656835
0.680000 -0.069817 -1.643484
0.700000 -0.102687 -1.630125
0.720000 -0.135290 -1.616758
0.740000 -0.167625 -1.603386
0.760000 -0.199693 -1.590010
0.780000 -0.231493 -1.576631
0.800000 -0.263025 -1.563249
0.820000 -0.294290 -1.549866
0.840000 -0.325288 -1.536480
0.860000 -0.356017 -1.523094
0.880000 -0.386479 -1.509706
0.900000 -0.416673 -1.496317
0.920000 -0.446600 -1.482927
0.940000 -0.476258 -1.469537
0.960000 -0.505649 -1.456146
0.980000 -0.534772 -1.442754
1.000000 -0.563627 -1.429361
1.020000 -0.592214 -1.415968
1.040000 -0.620533 -1.402574
1.060000 -0.648585 -1.389180
1.080000 -0.676369 -1.375785
1.100000 -0.703884 -1.362389
1.120000 -0.731132 -1.348993
1.140000 -0.758112 -1.335596
1.160000 -0.784824 -1.322199
1.180000 -0.811268 -1.308801
1.200000 -0.837444 -1.295402
1.220000 -0.863352 -1.282003
1.240000 -0.888992 -1.268603
1.260000 -0.914364 -1.255202
1.280000 -0.939468 -1.241801
1.300000 -0.964304 -1.228399
1.320000 -0.988872 -1.214996
1.340000 -1.013172 -1.201593
1.360000 -1.037204 -1.188189
1.380000 -1.060967 -1.174784
1.400000 -1.084463 -1.161378
1.420000 -1.107691 -1.147972
1.440000 -1.130650 -1.134565
1.460000 -1.153341 -1.121157
1.480000 -1.175765 -1.107748
1.500000 -1.197920 -1.094339
1.520000 -1.219806 -1.080929
1.540000 -1.241425 -1.067518
1.560000 -1.262775 -1.054106
1.580000 -1.283857 -1.040693
1.600000 -1.304671 -1.027279
1.620000 -1.325217 -1.013864
1.640000 -1.345494 -1.000448
1.660000 -1.365503 -0.987032
1.680000 -1.385244 -0.973614
1.700000 -1.404716 -0.960195
1.720000 -1.423920 -0.946776
1.740000 -1.442855 -0.933355
1.760000 -1.461522 -0.919933
1.780000 -1.479921 -0.906510
1.800000 -1.498051 -0.893086
1.820000 -1.515913 -0.879660
1.840000 -1.533506 -0.866234
1.860000 -1.550831 -0.852806
1.880000 -1.567887 -0.839377
1.900000 -1.584675 -0.825947
1.920000 -1.601194 -0.812515
1.940000 -1.617444 -0.799082
1.960000 -1.633426 -0.785648
1.980000 -1.649138 -0.772212
2.000000 -1.664583 -0.758775
2.020000 -1.679758 -0.745336
2.040000 -1.694665 -0.731896
2.060000 -1.709303 -0.718454
2.080000 -1.723672 -0.705011
2.100000 -1.737772 -0.691565
2.120000 -1.751603 -0.678119
2.140000 -1.765166 -0.664670
2.160000 -1.778459 -0.651219
2.180000 -1.791484 -0.637767
2.200000 -1.804239 -0.624313
2.220000 -1.816725 -0.610856
2.240000 -1.828942 -0.597398
2.260000 -1.840890 -0.583937
2.280000 -1.852569 -0.570474
2.300000 -1.863979 -0.557009
2.320000 -1.875119 -0.543542
2.340000 -1.885990 -0.530072
2.360000 -1.896591 -0.516600
2.380000 -1.906923 -0.503125
2.400000 -1.916986 -0.489648
2.420000 -1.926778 -0.476168
2.440000 -1.936302 -0.462685
2.460000 -1.945556 -0.449199
2.480000 -1.954540 -0.435710
2.500000 -1.963254 -0.422218
2.520000 -1.971698 -0.408722
2.540000 -1.979873 -0.395223
2.560000 -1.987777 -0.381721
2.580000 -1.995411 -0.368215
2.600000 -2.002776 -0.354705
2.620000 -2.009870 -0.341191
2.640000 -2.016694 -0.327674
2.660000 -2.023247 -0.314151
2.680000 -2.029530 -0.300625
2.700000 -2.035543 -0.287094
2.720000 -2.041284 -0.273558
2.740000 -2.046756 -0.260017
2.760000 -2.051956 -0.246471
2.780000 -2.056885 -0.232919
2.800000 -2.061544 -0.219361
2.820000 -2.065931 -0.205798
2.840000 -2.070047 -0.192229
2.860000 -2.073892 -0.178652
2.880000 -2.077465 -0.165070
2.900000 -2.080766 -0.151480
2.920000 -2.083796 -0.137882
2.940000 -2.086553 -0.124277
2.960000 -2.089039 -0.110663
2.980000 -2.091252 -0.097041
3.000000 -2.093193 -0.083409
3.020000 -2.094861 -0.069768
3.040000 -2.096256 -0.056117
3.060000 -2.097379 -0.042455
3.080000 -2.098228 -0.028782
3.100000 -2.098803 -0.015097
3.120000 -2.099105 -0.001400
3.140000 -2.099133 0.012311
3.160000 -2.098887 0.026013
3.180000 -2.098367 0.039651
3.200000 -2.097574 0.053170
3.220000 -2.096510 0.066515
3.240000 -2.095180 0.079634
3.260000 -2.093587 0.092477
3.280000 -2.091738 0.104994
3.300000 -2.089638 0.117141
3.320000 -2.087295 0.128876
3.340000 -2.084718 0.140160
3.360000 -2.081915 0.150958
3.380000 -2.078895 0.161240
3.400000 -2.075671 0.170980
3.420000 -2.072251 0.180155
3.440000 -2.068648 0.188745
3.460000 -2.064873 0.196738
3.480000 -2.060938 0.204123
3.500000 -2.056856 0.210892
3.520000 -2.052638 0.217041
3.540000 -2.048297 0.222572
3.560000 -2.043846 0.227487
3.580000 -2.039296 0.231790
3.600000 -2.034660 0.235490
3.620000 -2.029950 0.238597
3.640000 -2.025178 0.241122
3.660000 -2.020356 0.243080
3.680000 -2.015494 0.244484
3.700000 -2.010605 0.245350
3.720000 -2.005698 0.245696
3.740000 -2.000784 0.245538
3.760000 -1.995873 0.244895
3.780000 -1.990975 0.243784
3.800000 -1.986099 0.242224
3.820000 -1.981255 0.240234
3.840000 -1.976450 0.237831
3.860000 -1.971694 0.235034
3.880000 -1.966993 0.231860
3.900000 -1.962356 0.228327
3.920000 -1.957789 0.224453
3.940000 -1.953300 0.220253
3.960000 -1.948895 0.215745
3.980000 -1.944580 0.210944
4.000000 -1.940361 0.205864
4.020000 -1.936244 0.200522
4.040000 -1.932234 0.194931
4.060000 -1.928335 0.189104
4.080000 -1.924553 0.183056
4.100000 -1.920892 0.176798
4.120000 -1.917356 0.170343
4.140000 -1.913949 0.163702
4.160000 -1.910675 0.156887
4.180000 -1.907537 0.149908
4.200000 -1.904539 0.142777
4.220000 -1.901683 0.135502
4.240000 -1.898973 0.128093
4.260000 -1.896412 0.120560
4.280000 -1.894000 0.112911
4.300000 -1.891742 0.105155
4.320000 -1.889639 0.097300
4.340000 -1.887693 0.089353
4.360000 -1.885906 0.081324
4.380000 -1.884280 0.073219
4.400000 -1.882815 0.065044
4.420000 -1.881514 0.056809
4.440000 -1.880378 0.048518
4.460000 -1.879408 0.040179
4.480000 -1.878604 0.031799
4.500000 -1.877968 0.023384
4.520000 -1.877501 0.014939
4.540000 -1.877202 0.006473
4.560000 -1.877072 -0.002010
4.580000 -1.877112 -0.010503
4.600000 -1.877323 -0.018983
4.620000 -1.877702 -0.027424
4.640000 -1.878251 -0.035797
4.660000 -1.878967 -0.044076
4.680000 -1.879848 -0.052234
4.700000 -1.880893 -0.060244
4.720000 -1.882098 -0.068083
4.740000 -1.883459 -0.075725
4.760000 -1.884974 -0.083149
4.780000 -1.886637 -0.090333
4.800000 -1.888444 -0.097258
4.820000 -1.890389 -0.103904
4.840000 -1.892467 -0.110255
4.860000 -1.894672 -0.116297
4.880000 -1.896998 -0.122015
4.900000 -1.899438 -0.127399
4.920000 -1.901986 -0.132438
4.940000 -1.904635 -0.137124
4.960000 -1.907377 -0.141450
4.980000 -1.910206 -0.145412
5.000000 -1.913115 -0.149005
5.020000 -1.916095 -0.152229
5.040000 -1.919139 -0.155081
5.060000 -1.922241 -0.157564
5.080000 -1.925392 -0.159677
5.100000 -1.928586 -0.161426
5.120000 -1.931814 -0.162813
5.140000 -1.935070 -0.163844
5.160000 -1.938347 -0.164523
5.180000 -1.941638 -0.164858
5.200000 -1.944935 -0.164856
5.220000 -1.948232 -0.164524
5.240000 -1.951523 -0.163871
5.260000 -1.954800 -0.162905
5.280000 -1.958058 -0.161634
5.300000 -1.961291 -0.160069
5.320000 -1.964492 -0.158218
5.340000 -1.967657 -0.156092
5.360000 -1.970778 -0.153699
5.380000 -1.973852 -0.151049
5.400000 -1.976873 -0.148153
5.420000 -1.979836 -0.145019
5.440000 -1.982737 -0.141658
5.460000 -1.985570 -0.138080
5.480000 -1.988332 -0.134293
5.500000 -1.991017 -0.130307
5.520000 -1.993624 -0.126132
5.540000 -1.996146 -0.121776
5.560000 -1.998582 -0.117249
5.580000 -2.000927 -0.112560
5.600000 -2.003178 -0.107717
5.620000 -2.005332 -0.102729
5.640000 -2.007387 -0.097604
5.660000 -2.009339 -0.092351
5.680000 -2.011186 -0.086978
5.700000 -2.012925 -0.081492
5.720000 -2.014555 -0.075901
5.740000 -2.016073 -0.070213
5.760000 -2.017478 -0.064436
5.780000 -2.018766 -0.058577
5.800000 -2.019938 -0.052643
5.820000 -2.020991 -0.046642
5.840000 -2.021924 -0.040579
5.860000 -2.022735 -0.034464
5.880000 -2.023424 -0.028301
5.900000 -2.023990 -0.022098
5.920000 -2.024432 -0.015863
5.940000 -2.024750 -0.009601
5.960000 -2.024942 -0.003319
5.980000 -2.025008 0.002976
6.000000 -2.024949 0.009276
6.020000 -2.024763 0.015565
6.040000 -2.024452 0.021823
6.060000 -2.024015 0.028032
6.080000 -2.023455 0.034175
6.100000 -2.022771 0.040233
6.120000 -2.021966 0.046188
6.140000 -2.021043 0.052025
6.160000 -2.020002 0.057726
6.180000 -2.018848 0.063277
6.200000 -2.017582 0.068661
6.220000 -2.016209 0.073866
6.240000 -2.014732 0.078877
6.260000 -2.013154 0.083684
6.280000 -2.011480 0.088274
6.300000 -2.009715 0.092638
6.320000 -2.007862 0.096766
6.340000 -2.005927 0.100650
6.360000 -2.003914 0.104282
6.380000 -2.001828 0.107658
6.400000 -1.999675 0.110772
6.420000 -1.997460 0.113619
6.440000 -1.995187 0.116197
6.460000 -1.992863 0.118503
6.480000 -1.990493 0.120536
6.500000 -1.988082 0.122296
6.520000 -1.985637 0.123782
6.540000 -1.983161 0.124997
6.560000 -1.980661 0.125941
6.580000 -1.978142 0.126617
6.600000 -1.975610 0.127029
6.620000 -1.973069 0.127180
6.640000 -1.970526 0.127074
6.660000 -1.967984 0.126715
6.680000 -1.965450 0.126109
6.700000 -1.962928 0.125262
6.720000 -1.960422 0.124178
6.740000 -1.957939 0.122863
6.760000 -1.955482 0.121325
6.780000 -1.953055 0.119569
6.800000 -1.950664 0.117603
6.820000 -1.948312 0.115432
6.840000 -1.946003 0.113063
6.860000 -1.943742 0.110505
6.880000 -1.941532 0.107763
6.900000 -1.939376 0.104846
6.920000 -1.937279 0.101759
6.940000 -1.935244 0.098510
6.960000 -1.933274 0.095107
6.980000 -1.931372 0.091556
7.000000 -1.929541 0.087864
7.020000 -1.927784 0.084039
7.040000 -1.926103 0.080088
7.060000 -1.924501 0.076017
7.080000 -1.922981 0.071834
7.100000 -1.921544 0.067545
7.120000 -1.920193 0.063157
7.140000 -1.918930 0.058677
7.160000 -1.917756 0.054112
7.180000 -1.916674 0.049468
7.200000 -1.915685 0.044752
7.220000 -1.914790 0.039970
7.240000 -1.913990 0.035129
7.260000 -1.913288 0.030236
7.280000 -1.912683 0.025296
7.300000 -1.912177 0.020316
7.320000 -1.911771 0.015303
7.340000 -1.911465 0.010263
7.360000 -1.911259 0.005201
7.380000 -1.911155 0.000125
7.400000 -1.911153 -0.004959
7.420000 -1.911252 -0.010042
7.440000 -1.911453 -0.015109
7.460000 -1.911755 -0.020147
7.480000 -1.912158 -0.025141
7.500000 -1.912661 -0.030078
7.520000 -1.913262 -0.034944
7.540000 -1.913961 -0.039726
7.560000 -1.914756 -0.044411
7.580000 -1.915644 -0.048988
7.600000 -1.916624 -0.053444
7.620000 -1.917693 -0.057767
7.640000 -1.918848 -0.061947
7.660000 -1.920087 -0.065975
7.680000 -1.921407 -0.069840
7.700000 -1.922803 -0.073533
7.720000 -1.924274 -0.077047
7.740000 -1.925815 -0.080375
7.760000 -1.927422 -0.083509
7.780000 -1.929093 -0.086443
7.800000 -1.930821 -0.089174
7.820000 -1.932605 -0.091695
7.840000 -1.934439 -0.094004
7.860000 -1.936319 -0.096097
7.880000 -1.938241 -0.097973
7.900000 -1.940200 -0.099629
7.920000 -1.942193 -0.101064
7.940000 -1.944214 -0.102279
7.960000 -1.946260 -0.103273
7.980000 -1.948325 -0.104047
8.000000 -1.950406 -0.104603
8.020000 -1.952498 -0.104942
8.040000 -1.954597 -0.105066
8.060000 -1.956698 -0.104978
8.080000 -1.958798 -0.104682
8.100000 -1.960892 -0.104180
8.120000 -1.962975 -0.103477
8.140000 -1.965045 -0.102576
8.160000 -1.967096 -0.101483
8.180000 -1.969126 -0.100201
8.200000 -1.971130 -0.098735
8.220000 -1.973105 -0.097091
8.240000 -1.975046 -0.095273
8.260000 -1.976952 -0.093288
8.280000 -1.978818 -0.091140
8.300000 -1.980640 -0.088835
8.320000 -1.982417 -0.086379
8.340000 -1.984145 -0.083778
8.360000 -1.985820 -0.081037
8.380000 -1.987441 -0.078163
8.400000 -1.989004 -0.075160
8.420000 -1.990508 -0.072036
8.440000 -1.991948 -0.068796
8.460000 -1.993324 -0.065447
8.480000 -1.994633 -0.061993
8.500000 -1.995873 -0.058441
8.520000 -1.997042 -0.054798
8.540000 -1.998138 -0.051068
8.560000 -1.999159 -0.047259
8.580000 -2.000104 -0.043376
8.600000 -2.000972 -0.039424
8.620000 -2.001760 -0.035410
8.640000 -2.002469 -0.031340
8.660000 -2.003095 -0.027220
8.680000 -2.003640 -0.023055
8.700000 -2.004101 -0.018851
8.720000 -2.004478 -0.014614
8.740000 -2.004770 -0.010350
8.760000 -2.004977 -0.006065
8.780000 -2.005098 -0.001765
8.800000 -2.005134 0.002545
8.820000 -2.005083 0.006858
8.840000 -2.004946 0.011163
8.860000 -2.004722 0.015448
8.880000 -2.004413 0.019702
8.900000 -2.004019 0.023915
8.920000 -2.003541 0.028074
8.940000 -2.002980 0.032169
8.960000 -2.002336 0.036189
8.980000 -2.001612 0.040125
9.000000 -2.000810 0.043965
9.020000 -1.999931 0.047701
9.040000 -1.998977 0.051323
9.060000 -1.997950 0.054824
9.080000 -1.996854 0.058193
9.100000 -1.995690 0.061425
9.120000 -1.994461 0.064511
9.140000 -1.993171 0.067445
9.160000 -1.991822 0.070221
9.180000 -1.990418 0.072833
9.200000 -1.988961 0.075277
9.220000 -1.987456 0.077548
9.240000 -1.985905 0.079643
9.260000 -1.984312 0.081557
9.280000 -1.982681 0.083290
9.300000 -1.981015 0.084837
9.320000 -1.979318 0.086199
9.340000 -1.977594 0.087374
9.360000 -1.975847 0.088360
9.380000 -1.974079 0.089160
9.400000 -1.972296 0.089771
9.420000 -1.970501 0.090197
9.440000 -1.968697 0.090436
9.460000 -1.966888 0.090493
9.480000 -1.965078 0.090367
9.500000 -1.963271 0.090063
9.520000 -1.961470 0.089582
9.540000 -1.959678 0.088927
9.560000 -1.957900 0.088101
9.580000 -1.956138 0.087109
9.600000 -1.954395 0.085954
9.620000 -1.952676 0.084639
9.640000 -1.950984 0.083170
9.660000 -1.949320 0.081549
9.680000 -1.947689 0.079782
9.700000 -1.946093 0.077874
9.720000 -1.944536 0.075828
9.740000 -1.943019 0.073651
9.760000 -1.941546 0.071346
9.780000 -1.940120 0.068919
9.800000 -1.938741 0.066375
9.820000 -1.937414 0.063718
9.840000 -1.936139 0.060955
9.860000 -1.934920 0.058090
9.880000 -1.933758 0.055129
9.900000 -1.932656 0.052077
9.920000 -1.931614 0.048939
9.940000 -1.930635 0.045721
9.960000 -1.929721 0.042428
9.980000 -1.928872 0.039065
10.000000 -1.928091 0.035638
10.020000 -1.927378 0.032152
10.040000 -1.926735 0.028612
10.060000 -1.926163 0.025024
10.080000 -1.925663 0.021393
10.100000 -1.925235 0.017725
10.120000 -1.924880 0.014025
10.140000 -1.924600 0.010299
10.160000 -1.924394 0.006551
10.180000 -1.924263 0.002787
10.200000 -1.924207 -0.000988
10.220000 -1.924227 -0.004767
10.240000 -1.924322 -0.008542
10.260000 -1.924493 -0.012305
10.280000 -1.924739 -0.016044
10.300000 -1.925060 -0.019751
10.320000 -1.925455 -0.023416
10.340000 -1.925923 -0.027029
10.360000 -1.926464 -0.030582
10.380000 -1.927076 -0.034065
10.400000 -1.927757 -0.037471
10.420000 -1.928506 -0.040790
10.440000 -1.929322 -0.044014
10.460000 -1.930202 -0.047137
10.480000 -1.931145 -0.050150
10.500000 -1.932148 -0.053047
10.520000 -1.933209 -0.055821
10.540000 -1.934325 -0.058466
10.560000 -1.935495 -0.060977
10.580000 -1.936714 -0.063349
10.600000 -1.937981 -0.065577
10.620000 -1.939293 -0.067656
10.640000 -1.940646 -0.069583
10.660000 -1.942038 -0.071356
10.680000 -1.943465 -0.072970
10.700000 -1.944924 -0.074424
10.720000 -1.946413 -0.075716
10.740000 -1.947927 -0.076845
10.760000 -1.949464 -0.077810
10.780000 -1.951020 -0.078609
10.800000 -1.952592 -0.079244
10.820000 -1.954177 -0.079714
10.840000 -1.955771 -0.080019
10.860000 -1.957372 -0.080162
10.880000 -1.958975 -0.080143
10.900000 -1.960578 -0.079964
10.920000 -1.962177 -0.079626
10.940000 -1.963770 -0.079133
10.960000 -1.965352 -0.078486
10.980000 -1.966922 -0.077689
11.000000 -1.968476 -0.076744
11.020000 -1.970011 -0.075655
11.040000 -1.971524 -0.074425
11.060000 -1.973012 -0.073057
11.080000 -1.974473 -0.071555
11.100000 -1.975904 -0.069924
11.120000 -1.977303 -0.068167
11.140000 -1.978666 -0.066288
11.160000 -1.979992 -0.064292
11.180000 -1.981278 -0.062183
11.200000 -1.982522 -0.059965
11.220000 -1.983721 -0.057643
11.240000 -1.984874 -0.055222
11.260000 -1.985978 -0.052706
11.280000 -1.987032 -0.050099
11.300000 -1.988034 -0.047408
11.320000 -1.988982 -0.044636
11.340000 -1.989875 -0.041788
11.360000 -1.990711 -0.038870
11.380000 -1.991488 -0.035885
11.400000 -1.992206 -0.032840
11.420000 -1.992863 -0.029739
11.440000 -1.993458 -0.026586
11.460000 -1.993989 -0.023387
11.480000 -1.994457 -0.020147
11.500000 -1.994860 -0.016871
11.520000 -1.995197 -0.013564
11.540000 -1.995469 -0.010230
11.560000 -1.995673 -0.006875
11.580000 -1.995811 -0.003505
11.600000 -1.995881 -0.000123
11.620000 -1.995883 0.003266
11.640000 -1.995818 0.006653
11.660000 -1.995685 0.010032
11.680000 -1.995484 0.013392
11.700000 -1.995216 0.016727
11.720000 -1.994882 0.020028
11.740000 -1.994481 0.023286
11.760000 -1.994016 0.026494
11.780000 -1.993486 0.029643
11.800000 -1.992893 0.032725
11.820000 -1.992238 0.035734
11.840000 -1.991524 0.038662
11.860000 -1.990750 0.041503
11.880000 -1.989920 0.044248
11.900000 -1.989035 0.046894
11.920000 -1.988098 0.049432
11.940000 -1.987109 0.051859
11.960000 -1.986072 0.054168
11.980000 -1.984988 0.056355
